4690185
3706603
5561238
4916189
4500334
4405819
4930967
5675690
4387236
4703773
4228781
4100708
3910846
3614365
3466997
3940150
3394137
4057281
2903324
2865761
3092713
2875867
2754599
2679106
3596857
4057281
3596857
4893809
3093198
2668713
2788624
2865761
5412025
2788624
2668713
3093198
4893809
2865761
4930967
2903324
3055621
5558504
3559838
3438233
2865761
4917805
2844036
2039873
3055621
4002970
2670196
4029857
2670196
2670196
2887732
2660379
4358736
4595504
3273458
3279131
4595504
2432488
2265313
2887732
2660379
2432488
4682920
3273458
2265313
3083026
3083026
5316845
4757589
3487790
5053597
2265313
2432488
3487790
5600660
5600660
5600660
5600660
4757589
5301237
5301237
5467067
5301237
4765184
4689517
4512908
3487790
3487790
3487790
3349993
5600660
3487790
3487790
4478049
4689517
3273458
4411934
4615534
4068832
4068832
4615534
3860742
3860742
3860742
3860742
2291379
3860742
3860742
2291379
1873375
3860742
3860742
3860742
5513031
3860742
3860742
5963629
5963629
5513031
5513031
4966576
2468887
2468887
2468887
2468887
3090085
3090085
4109976
3381939
5377478
3381939
4109976
4104276
4199712
3773276
2468887
3377663
2468887
3090085
3381939
3203540
3381939
2474926
4113831
4199712
3862586
3248259
3773276
4199712
3377663
3639978
3760447
3760447
2574557
4590024
4615595
3410976
2432487
2733171
3485381
3485381
2733171
3410976
3485381
2733171
2647710
4615595
4615595
4615595
4615595
4171106
4615595
3410976
4615595
4615595
4171106
4615595
4615595
2647710
4615595
3410976
4025175
4025175
2586954
2586954
2586954
5425333
4764723
3853537
2647710
2647710
3853537
4764723
5425333
2586954
2586954
4000170
2715837
1251635
2715837
4752391
4000170
2715837
2715837
3731755
4752391
2715837
3564008
2673121
2789741
5478479
3689226
4476880
4476880
2789741
3894627
1365155
3689226
5478479
5564514
3894627
3818912
5564514
2698708
5564514
3818912
5564514
3818912
1310579
1310579
1310579
5010878
2683661
4803610
4209173
3384479
2630264
2789741
3894627
5479760
4803610
4476880
3624039
3468617
5323433
4064254
3380161
3014267
4803610
3384479
4209173
3384479
2630264
2789741
3894627
3624039
3932492
3380161
4064254
5323433
3624039
3932492
5600660
5053704
5053704
4792430
4570031
3894627
5600660
5600660
5600660
4969350
4034115
3556904
5342670
4370371
4278770
2745926
4034115
4570031
3237759
5323433
3894627
4034115
3564008
5049532
3693401
4166499
4034115
4034115
4794377
4722680
4807610
3817329
2804935
2756763
4179631
4722680
4807610
3817329
2804935
3817329
4722680
4807610
3817329
3817329
4179631
5323433
2756763
4034115
4034115
4034115
4179631
4034115
5323433
3693401
5558524
4224698
4224698
5945500
5558524
3988270
3746708
3683577
3738009
4469366
5969526
4206345
3499361
4116670
4000170
4864175
3831180
4823323
4243897
3234298
4565152
2853447
2995295
5049532
4736591
3831180
2001314
1380241
524175
524175
3353487
3570048
3237821
5514947
4729652
5514947
3567337
3570048
3076530
4990373
4612590
4729652
5346878
3076530
4454552
3237759
5346878
3632552
5824214
3549321
20948
4091813
3235084
4613195
3234298
2884029
5824214
3549321
5824214
5824214
4420233
3579261
3235084
3579261
4930967
4091813
2884029
4613195
6421934
6421934
6421934
3579261
4420233
4091813
4091817
2364770
4420233
4320046
6421934
4091813
3235084
5824214
4503374
3738061
3312400
4243897
3831180
3269589
3093198
3417133
2000640
4063287
1885108
5827812
5317339
3633708
1884456
2778416
5049532
3693401
4166499
4692529
2867029
2733171
2647710
2630707
3260968
4456129
4632979
4573253
4896084
4161958
3208134
3130093
3080612
3738009
21386
3731766
3738009
5600660
4722076
3559838
4785051
2897151
3285565
2507886
2085371
1468783
5736261
4369993
4139556
3808620
3752814
4110463
1262758
3641305
4598210
4091817
384715
4084786
3660037
