18253145
16948615
21436344
26469045
25292429
23962279
21950502
28520348
25999454
26104483
21270786
27441996
22992668
22992668
22992668
22992668
22992668
22992668
20800921
26730167
30664875
23874514
24322003
24322003
20622033
24322003
25950190
4574753
20622033
18722008
28689274
28819312
26715213
25611810
25889207
21810746
27507617
26739304
27385990
26637161
26125934
25081908
29152138
25461247
26779253
25147095
24729586
24316028
24080498
24217698
23774940
23778320
23080225
22927450
22951632
22680342
24107802
23682072
23559402
22307138
21348813
21317582
20530282
20389299
19005277
22354160
21441248
20952418
20860463
19779319
19659438
19228205
19371316
18281305
16495778
16272958
19005277
21317582
21348813
23559402
23682072
24107802
25326929
16272958
16495778
18281305
25326929
28694205
28694205
28694205
28694205
28762371
26313268
26313268
26637161
27261829
21502584
19019189
19925424
24107802
20389299
23559402
26313268
26313268
26125934
23559402
26313268
26637161
25081908
28184434
26153084
19925424
19019189
21502584
27261829
24107802
22307138
21348813
21317582
20389299
19005277
27507617
26739304
27385990
26637161
26125934
22307138
20530282
28694205
19924111
29737521
27767376
26313268
26637161
23382909
22915658
26637161
20389299
17918089
26196596
26991336
20179710
19228205
17654295
12439223
19924111
20523342
15809899
16998491
17700364
24549002
28570300
24589908
16998491
16998491
15809899
23730840
23730840
28570300
20173735
19996755
24014145
20212518
19567893
19272758
18618621
17697394
17018806
16302021
10683861
24014145
23510446
27439447
23973251
24014145
26441325
19749757
22328925
23707372
23288236
21688171
27833958
26071337
9857976
21688171
20212518
19800133
19567893
19272758
11543734
23510446
23288236
22885912
21962566
21688171
23095326
21388237
20640435
20584552
23707372
26441325
20173735
19800133
19606452
19259652
18987562
18983505
18279474
18330458
17697394
17853254
17914325
16874005
19825907
19800133
19996755
19606452
19468717
19259652
19272758
18618621
18987562
18983505
18452396
18279474
26670100
22328925
19749757
22438096
22438096
15812265
15520364
15274037
11027924
10653220
10683861
18330458
17697394
17853254
17914325
17606812
17018806
16580768
16874005
16302021
15812265
15520364
15274037
12955294
21254158
21254158
27833958
30450628
28261382
21726252
20584552
20640435
22885912
19800133
26071337
18538445
26111151
23133602
14624186
14573314
12208565
11817517
12476327
12082589
11543734
11027924
10653220
10683861
9857976
27711230
18452396
16874005
17914325
17853254
18330458
18279474
18983505
18987562
19259652
28750137
23133602
18021981
20173735
23288236
27027531
28072888
24117654
24117654
12955294
10653220
11027924
15812265
28570300
28605058
28605058
28605058
28605058
27514956
28261910
21993426
24362944
27514956
27514956
12082589
12476327
11817517
12208565
14573314
26111151
21068134
28186161
28186161
26820907
28638221
22626609
22626609
22992578
28186161
28261910
26911666
26699619
21951981
21951981
25918016
10507506
21412232
25974703
18538445
23133602
23133602
23133602
27514956
21546862
28605058
25898045
18021981
18021981
23133602
23133602
25534433
27714501
26632884
22992578
26071337
25916514
12925557
26699619
22328925
25287681
26186989
18538445
23677058
15564883
23677058
21121811
26186989
27422302
24024897
20938465
20938465
27548009
22584460
24024897
22584460
19458626
27548009
24024897
25000516
20547595
22795047
24024897
19458626
23545896
23545896
18070221
24024897
24024897
28570300
23545896
22775532
20547595
20807074
20118554
18609433
18978520
18070221
16205777
14652703
12883230
12682708
12610741
12082589
11791895
10668847
9517369
22775532
23545896
22775532
22775532
23545896
9174682
8823236
20807074
20807074
11791895
12610741
12682708
18978520
18609433
23545896
23651026
21521023
21325291
19458626
19458626
24024897
24024897
8823236
9174682
22775532
24024897
28139840
21325291
28705252
28470111
24024897
24024897
23651026
23651026
29844858
29844858
22304580
21325291
21521023
19458626
22304580
21325291
21521023
19458626
28705252
28705252
27524899
24723432
22249355
11763000
20531370
11763000
11763000
1527229
1527229
20531370
23545896
21625751
23545896
18539621
18539621
27399166
17616786
12825092
18539621
25851472
18539621
25897911
21192344
21192344
26343256
26343256
17507615
17507615
24892773
22293536
17507615
29668752
11802100
9316174
14729419
12451290
23666564
23666564
24345815
15590749
15168101
26830411
26830411
16418702
16418702
28302415
18466100
15483195
25323806
18466100
24345815
16236141
22293536
24892773
25850030
26265231
25877345
28135763
28135763
25115434
27143031
27143031
24762860
24535487
25329996
24262617
24080325
24019397
23993903
23809542
18539621
18466100
25155930
15590749
16855453
23726091
23150151
22974728
22955794
22374717
22723959
21806387
20801498
19106084
18539621
25850030
21192344
22293536
21684175
11755554
25155930
21361732
22293536
21174619
18850169
16522833
28589365
26265231
24710841
24535487
25329996
24262617
23993903
23726091
23150151
22974728
24353446
22374717
21689142
19106083
23809542
24262617
25329996
24535487
27284960
27143031
28135763
22723959
21806387
20801498
19106084
19106083
20801498
22374717
22955794
22974728
23150151
19259653
11929404
16863547
14638340
23646118
24504666
24019752
24019752
12662378
22076562
17295875
22088980
25897911
25897911
22076562
15963082
18547065
8169844
25844821
23623526
23623526
17295875
12656699
12386647
23623526
25303292
23623526
17190370
16863547
14638340
19207029
16607077
23623526
17215846
24996380
15963082
23623526
18285551
22547144
18241283
12544691
15963082
12544691
24996380
16863547
15710002
17215846
19057464
23119086
23119086
19057464
16607077
19207029
12042669
15608561
12386647
22076562
11012469
16607077
23930676
15608561
22547144
15608561
23119086
19057464
19207029
19056598
17431185
18285551
18285551
18285551
18285551
24853734
15249972
12042669
18285551
15249972
22547144
25461249
25461249
24598718
23930676
23252946
18285551
18285551
24853734
18285551
21094359
18285551
17431185
19056598
28834135
20887379
15608561
18285551
23252946
24598718
25461249
22547144
12042669
29399716
24658827
23974086
24113216
24658827
15608561
12042669
18855529
18855529
18855529
27859023
26977146
26004431
25939711
23305245
22882994
21094359
19056598
19056598
17431185
23305245
25939711
26004431
26977146
27859023
10692979
10692979
12042669
21063236
18855529
26727275
22026923
12810179
11907712
11547828
9738510
29352482
19020788
18443790
8841196
15739035
12608943
12162507
10692979
16257277
11547828
12810179
22026923
18443790
19020788
16027735
16027735
16257277
12162507
12608943
15739035
18855529
23016521
17671401
21412232
26369612
24616296
22304582
19119263
16201835
23423913
22026923
18784654
19119263
26729753
15213846
22304582
24616296
26369612
23016521
26727275
11907712
19119263
29432897
27262824
12844134
19119263
25042728
23132553
18698879
11907712
11907712
26729753
12844134
19119263
8841196
22006096
28592190
16270629
19074728
19297219
24647041
23394389
20473659
18797858
15726636
15592325
11823760
27997040
23486447
26109805
26109805
23279643
22571356
20386359
19297219
18322281
11692084
8554938
27043475
24647041
30366777
15554460
15726636
15592325
11823760
11692084
23486447
27997040
11823760
15726636
18797858
23394389
24647041
26461463
11692084
18322281
20386359
22571356
23279643
24647041
24193112
23665868
18834373
15726636
15592325
15467211
11823760
26461463
30366777
27043475
19034036
30366777
11692084
10471072
26461463
24193112
23665868
18834373
15726636
15592325
15467211
11823760
11692084
10471072
26461463
15467211
18834373
23665868
24193112
24647041
29396738
27488176
16355252
16355252
16355252
10471072
12563174
11516429
26857349
21121811
19183167
15350163
11866001
10673478
10069510
24647041
18838503
27511999
26877068
25001883
22592842
22130800
18574025
19297219
10689270
18690342
17226852
18322281
12414349
10961881
28002639
27988869
20921968
17957182
18466097
12065557
26877068
27511999
8861656
7598739
8013282
7507039
1356742
12414349
17226852
21692745
26109805
8013282
23384627
23071495
27488176
27549341
28612092
24816252
21912424
20876785
22543981
26771271
25730298
19626000
19626000
10673478
26877068
22130800
29396738
27488176
27511999
25001883
22592842
22130800
18574025
19297219
18690342
18322281
23384627
1356742
20130494
16945988
10673478
10069510
10069510
19626000
21912424
24816252
28612092
27549341
23384627
26771271
26771271
16945988
20130494
26771271
19576320
28605058
27058899
27058899
29737521
29396738
27740732
26223945
26977927
25504915
24474498
23279643
19077919
18690342
18322281
17955230
17324110
11926893
19576320
26951882
21121773
28605058
28605058
27740732
27193993
27043265
25348619
28605058
27091191
11926893
19077919
23492908
23856854
23609393
27193993
25348619
21281405
28945481
28112181
26421491
25798582
25545243
19671875
23856854
27043265
29737521
29396738
27740732
26223945
25504915
24474498
23279643
21121774
24140730
25495409
24262617
22108237
21902501
19576320
18004210
17697139
23609393
27740732
29737521
26223945
27549341
19077919
18690342
18322281
17955230
16645157
28945481
17324110
11926893
17697139
25495409
23856854
29454235
29318894
22006096
20826553
27217270
23920449
23799528
22566560
21121776
23856854
23856854
20826553
29318894
29454235
21121776
27790931
26463708
26801900
26536870
24590773
24084768
20048079
19512956
29454235
29318894
29454235
29318894
29454235
25148458
27790931
26801900
26536870
24084768
24725652
24725652
26107755
24279860
24279860
15703762
20048079
24084768
26801900
27790931
27790931
26536870
24084768
24084768
23640184
25148458
27549341
19512956
23856854
23856854
23856854
25148458
24279860
15703762
23856854
15703762
26107755
30520364
24279860
15703762
19303909
29333880
27995989
27549341
25398452
19303909
24481458
24279860
23799528
28244812
15650881
28379874
24703092
22676193
17178267
16580900
24481458
25367448
25367448
30368523
29061085
25950242
24481458
27955884
29755652
29474345
29318929
28745577
28006928
27027462
26771271
11927765
28244812
24126707
23612435
22954510
20981002
20056557
9261824
7885194
26902643
25185591
25155931
23773341
23686330
23302985
21398039
19514130
17392726
29705271
17724700
17722074
17724700
17600820
17722074
20064494
17600820
17600820
28791698
25171759
26659468
26771271
26771271
29474345
28745577
28006928
27027462
26902643
25185591
25155931
23773341
23686330
23302985
21398039
29474345
28745577
28006928
27027462
26902643
25185591
25155931
23773341
23686330
23302985
21398039
23166513
30300922
23835420
23859569
19514130
19514130
26771271
26659468
30300922
28791698
27541716
26659468
23835420
30304062
24616296
20215968
20403483
26810137
26810137
18222353
18222355
27247849
26810137
30304062
17600820
23942138
18222355
18222353
22547143
16115483
16103896
21037509
18174457
20168265
17600820
16103896
22547143
26410689
25069381
20350125
19890253
18668430
15226675
18261733
20215968
19673941
19673941
19752398
18815589
19667110
20031551
17600820
17587760
17289397
16671104
16103896
27217270
26880915
22967772
21614492
19997080
20504252
18086475
17600820
22700043
20168265
21037509
18174457
23942138
21753748
20347093
17485248
16400613
15856070
19193342
17702092
17600820
10758249
16103896
17600820
17600820
26230641
10758249
16103896
15453913
17600820
21614492
16103896
26230641
18581055
17600820
17600820
15453913
18581055
17600820
17600820
21178985
23252947
27533851
22094953
15707415
17434921
28525903
25869015
19390945
18221820
28525903
23652803
23233662
21878834
21142914
27533851
23252947
21386754
16103896
27574448
24704000
25495407
18509327
18221820
19390945
25869015
27966227
27225724
17600820
23733030
17600820
16633140
21386754
26615671
26039043
24444408
23588314
23778326
22108237
21770725
17495880
12966368
17600820
19590397
23733030
27966227
16170755
16103896
17600820
17600820
15614026
15188945
17600820
29791011
28763744
27798726
18518849
16786511
25279974
23613831
15188945
28409297
18668430
28448657
23274376
23065688
21047201
19434073
18398146
17457342
16633140
10091406
9653159
17228018
26799749
24220207
22960765
21142914
20679962
20235793
25163792
26307985
25163792
21142914
20350125
19890249
16609363
23274376
17228018
28448657
23065688
28448657
28448657
21047201
19434073
23323945
25637052
28624888
25163792
22765258
22960765
21996196
21142914
20679962
22765258
25163792
27385990
24107802
25163792
20235793
22960765
24220207
26799749
25163792
19770842
19890249
19617864
18444945
26307985
30914949
30914949
30914949
18398146
22765258
18398146
15900213
25637052
24220207
18444945
19617864
26846104
26894651
26518946
26107754
25303292
24438215
24625991
24656015
23913015
22310591
22210422
22001987
19166419
15280927
27977511
16609067
27780742
25637052
25893859
24071851
19448608
19018870
16609067
12975461
30914949
27780742
22480748
22480748
16609067
12975461
19018870
19959074
23797529
26458301
19018870
26894931
18444945
24220207
21349923
19606088
22960765
21996196
20679962
19770842
19617864
18444945
28448657
26164721
24598718
23252946
22407409
18727922
17289397
17192506
16321621
15900215
15284534
29737521
22759796
22474613
17015049
16609363
16462814
16170755
9878993
17600820
25069381
23942138
21851379
21502584
21174626
19833260
19238167
18794729
17439540
17600820
17622941
17289397
17015053
16671104
16722833
16678544
16103896
15226675
15116054
12811365
29061087
28745549
28243137
27388970
25621429
26678969
24836897
24269714
23199531
23013460
23703421
21215785
21332315
20504256
19604091
18695978
14998425
12920424
9103485
7693389
28791698
26771271
29061085
19936169
27217270
26107755
23920449
23859574
23799528
22566560
21121776
20029385
26421491
25495409
26951882
20877298
21692745
19057513
18591455
17189961
16450155
14553962
12623934
11926892
11882573
10523341
9149697
26710337
20452521
19530961
19057464
19207029
19056598
19802338
17726453
17766366
17700364
17431185
16046221
15604515
15528295
22012471
29723928
26129906
25556837
26401760
26267224
26340055
26265436
26227246
25155933
24279859
23609392
23556448
21808284
21358750
21723677
22256871
21357676
20981002
19747927
19891732
19801958
19179847
18687376
17290447
17616786
17606663
17233643
15927391
15608559
15305167
12497624
11054766
10889531
9689128
9259381
9261824
9103485
8033754
29723426
28589365
26265231
25712182
23993903
23478884
22390861
21075428
20965456
23733030
20709156
18597649
15565110
27324805
24663076
23059146
22584460
21121811
28570300
20981002
10683861
28605058
26264253
23859574
19749758
20809084
29333880
23371894
29737521
26313268
26637161
23382909
25081908
26417955
24656015
25751398
23733030
21449676
20709156
19676097
18597649
17467808
15565110
22092036
22776642
18852012
18680467
17434923
15564878
12065438
9429236
2340091
18784265
15618746
10471060
8946471
7060320
5365949
1247492
4574753
28370399
29290749
26033222
24750455
25988058
25115783
23989394
24101478
23530079
22573495
23209099
23860572
22190578
22015451
20127091
20196170
19654083
18561168
17387701
16204390
16179085
15655011
12942574
12075750
10793824
9369411
8648264
2019023
2502894
79931
1247492
4574753
19654083
22573495
23150149
26491254
20622033
23913015
20102306
18195729
15024131
20531370
15168101
11763000
10353456
10375803
8667235
7859811
7903373
1451721
7202824
23788015
22992668
24415675
10525111
8857546
14070377
18253145
22992668
16948615
21436344
26469045
25292429
23962279
21950502
28520348
25999454
18253145
22992668
16948615
21436344
26469045
25292429
23962279
21950502
28520348
25999454
