3077309
3829815
3629995
3439700
3077309
3985977
3991312
4349597
3985977
3991312
4349597
3985977
3991312
4349597
4066698
2714672
4687950
3935585
2975430
2478656
1732892
3985977
3991312
4349597
4066698
2714672
4687950
3935585
2975430
2478656
1732892
283495
2464788
2939331
1753361
283495
2464788
2939331
1753361
2464788
2939331
1753361
4319524
4319524
3952750
2653696
4165479
4319524
4319524
4319524
3952750
2653696
4165479
4319524
3952750
2653696
4165479
4043401
3664924
3726523
3411218
3550267
4283730
4026575
4282788
2694768
2789126
4171750
4043401
3664924
3726523
3411218
3550267
4283730
4026575
4282788
2694768
2789126
4171750
5060832
2858551
3505418
5060832
2858551
3505418
4116309
4560228
3255143
3108873
2647898
5532628
2798544
2670228
3405627
3067274
3703853
3996814
4116309
4560228
3255143
3758528
4320449
4156033
4697362
3108873
2647898
5532628
5107652
2726839
1994045
4067390
4307900
3661819
2798544
2670228
3405627
3067274
3703853
3996814
5444502
4717493
4649725
5107652
2726839
4053578
3610158
5444502
4717493
4649725
1356208
3278063
3326685
1994045
4067390
4307900
3661819
2649284
4177104
3956563
1356208
3278063
3326685
4697362
3758528
4320449
3956563
5607866
5548848
5050284
3568385
2691879
3912926
4274140
3585192
4504338
4691515
4640918
4650951
3964026
5607866
5548848
5050284
3568385
2691879
3912926
4274140
3585192
4504338
4691515
4640918
4650951
3964026
3437972
2988224
3692286
4430683
4282386
4074463
3298051
3084407
5156349
5359906
5422149
4459243
3500923
4904600
5903896
3787335
3090505
3437972
2988224
3692286
4430683
4282386
4074463
3298051
3084407
5156349
5359906
5422149
4459243
3500923
4904600
5903896
3787335
3090505
3481477
3963220
545758
2854636
3481477
3963220
545758
2854636
4968574
2703722
4781482
4101700
3310682
2634296
2634296
3281526
4085596
4722945
5107652
2726839
1994045
4067390
4307900
3661819
4697362
1994045
4067390
4307900
3661819
3120168
4745028
4100244
2782986
5343472
3791615
2984585
4697362
3281526
4085596
4722945
5107652
2726839
